9428 5 8999 2274
8352 3 7942 2252
9962 4 9720 2286
12234 3 11317 2189
9403 3 9169 2372
8304 3 7886 2327
10437 3 9609 2441
12292 3 11648 2349
8910 2 8742 1494
7726 4 7695 1537
9653 3 9334 1541
11726 4 11033 1511
12009 3 9081 1892
8840 3 7540 1657
12502 3 10007 1798
16551 2 11227 1704
11373 2 9356 1571
8888 4 7701 1732
12173 3 10289 1952
17267 3 11117 2471
11025 6 8564 1981
9069 3 7578 1497
12876 2 9703 1501
15606 4 10840 1543
18892 68 13801 3990
15121 65 12372 4017
19748 67 15140 3930
23937 89 17897 4471
17898 65 14624 4395
14943 113 13263 4669
19165 71 15716 4339
24663 69 18725 4416
17087 74 14229 3849
14287 73 12264 5606
19167 73 14084 4133
23563 73 17743 3875
16829 71 14051 3838
14943 78 11933 3889
19272 70 14991 3896
24137 75 18471 4057
7367 16 7105 3770
9709 12 7388 2504
10753 7 6181 2249
7887 18 7224 4648
9621 12 7426 2477
11275 8 7044 2347
6701 17 6412 4419
9480 11 6259 2460
11338 6 6973 2152
10524 22 9439 4799
10630 25 9063 3085
11317 25 9547 5221
12817 19 10474 3708
10195 26 9289 5299
11763 27 9186 3707
23931 190 23314 6308
32882 182 31139 6234
53882 180 46845 6598
39048 189 35198 6174
23882 181 23735 5093
32775 174 31752 5051
53882 179 49286 5084
39121 204 36023 5138
23882 192 23838 4998
33192 182 30276 5018
52864 184 47205 5073
39312 172 34681 5037
23882 192 23590 5137
32882 186 31941 5196
53882 204 49470 5290
39314 172 35968 5314
